[input_shaper]
shaper_freq_x: 50.526315789473684210526315789474
shaper_freq_y: 38.216560509554140127388535031847